# ASCII Text Object file created from the model Creeper.fbx
# 2015-11-14 | 22:51:16
# Made by Alberto Bobadilla (labigm@rit.edu)
Version: 1.0

Materials: 1
	MC_Creeper_M
		Diffuse: 1 1 1
		DiffuseMap: DefCreeper1024.png
		NormalMap: NULL
		SpecularMap: NULL

Frames: 48

Groups: 7
	#Name -> Parent
	#HP Visible Collidable pivotX pivotY pivotZ ShapeCount
		#Name MaterialName VertexCount
		#(Vertex, UV, Color, Normal, Tangent, Binormal)
	#KeyFrames: #
		#N, V, Tx, Ty, Tz, Rx, Ry, Rz, Sx, Sy, Sz
	mc_creeper -> NULL  //G:0
	1 1 1 0 0 0 0
	KeyFrames: 1
		0 1 0 0 0 0 0 0 1 1 1

	mc_creeper_head -> mc_creeper  //G:1
	1 1 1 0 1.13 0 1
		MC_Creeper_M 36
		0.2499 1.625 0.2499 0.249 0.749 1 1 1 0 0 1 -1 0 0 0 -1 0
		-0.2499 1.625 0.2499 0.126 0.749 1 1 1 0 0 1 -1 0 0 0 -1 0
		-0.2499 1.125 0.2499 0.126 0.502 1 1 1 0 0 1 -1 0 0 0 -1 0
		0.2499 1.625 0.2499 0.249 0.749 1 1 1 0 0 1 -0.7071 -0.7071 0 0.7071 -0.7071 0
		-0.2499 1.125 0.2499 0.126 0.502 1 1 1 0 0 1 -0.7071 -0.7071 0 0.7071 -0.7071 0
		0.2499 1.125 0.2499 0.249 0.502 1 1 1 0 0 1 -0.7071 -0.7071 0 0.7071 -0.7071 0
		0.2499 1.625 0.2499 0.249 0.749 1 1 1 0 1 0 0 0 -1 -1 0 0
		0.2499 1.625 -0.2499 0.249 0.999 1 1 1 0 1 0 0 0 -1 -1 0 0
		-0.2499 1.625 0.2499 0.126 0.749 1 1 1 0 1 0 0 0 -1 -1 0 0
		-0.2499 1.625 0.2499 0.126 0.749 1 1 1 0 1 0 0.7071 0 -0.7071 -0.7071 0 -0.7071
		0.2499 1.625 -0.2499 0.249 0.999 1 1 1 0 1 0 0.7071 0 -0.7071 -0.7071 0 -0.7071
		-0.2499 1.625 -0.2499 0.126 0.999 1 1 1 0 1 0 0.7071 0 -0.7071 -0.7071 0 -0.7071
		0.2499 1.125 -0.2499 0.375 0.502 1 1 1 0 0 -1 -1 0 0 0 1 0
		-0.2499 1.125 -0.2499 0.5 0.502 1 1 1 0 0 -1 -1 0 0 0 1 0
		-0.2499 1.625 -0.2499 0.5 0.749 1 1 1 0 0 -1 -1 0 0 0 1 0
		0.2499 1.125 -0.2499 0.375 0.502 1 1 1 0 0 -1 -0.7071 0.7071 0 0.7071 0.7071 0
		-0.2499 1.625 -0.2499 0.5 0.749 1 1 1 0 0 -1 -0.7071 0.7071 0 0.7071 0.7071 0
		0.2499 1.625 -0.2499 0.375 0.749 1 1 1 0 0 -1 -0.7071 0.7071 0 0.7071 0.7071 0
		0.2499 1.125 0.2499 0.375 0.749 1 1 1 0 -1 0 -1 0 0 0 0 -1
		-0.2499 1.125 0.2499 0.375 0.997 1 1 1 0 -1 0 -1 0 0 0 0 -1
		-0.2499 1.125 -0.2499 0.249 0.997 1 1 1 0 -1 0 -1 0 0 0 0 -1
		0.2499 1.125 0.2499 0.375 0.749 1 1 1 0 -1 0 -0.7071 0 -0.7071 0.7071 0 -0.7071
		-0.2499 1.125 -0.2499 0.249 0.997 1 1 1 0 -1 0 -0.7071 0 -0.7071 0.7071 0 -0.7071
		0.2499 1.125 -0.2499 0.249 0.749 1 1 1 0 -1 0 -0.7071 0 -0.7071 0.7071 0 -0.7071
		0.2499 1.625 0.2499 0.249 0.749 1 1 1 1 0 0 0 -1 0 0 0 -1
		0.2499 1.125 0.2499 0.249 0.502 1 1 1 1 0 0 0 -1 0 0 0 -1
		0.2499 1.625 -0.2499 0.375 0.749 1 1 1 1 0 0 0 -1 0 0 0 -1
		0.2499 1.125 0.2499 0.249 0.502 1 1 1 1 0 0 0 0 -1 0 1 0
		0.2499 1.125 -0.2499 0.375 0.502 1 1 1 1 0 0 0 0 -1 0 1 0
		0.2499 1.625 -0.2499 0.375 0.749 1 1 1 1 0 0 0 0 -1 0 1 0
		-0.2499 1.625 0.2499 0.126 0.749 1 1 1 -1 0 0 0 -0.7071 -0.7071 0 -0.7071 0.7071
		-0.2499 1.125 -0.2499 0.000249 0.502 1 1 1 -1 0 0 0 -0.7071 -0.7071 0 -0.7071 0.7071
		-0.2499 1.125 0.2499 0.126 0.502 1 1 1 -1 0 0 0 -0.7071 -0.7071 0 -0.7071 0.7071
		-0.2499 1.125 -0.2499 0.000249 0.502 1 1 1 -1 0 0 0 0.7071 0.7071 0 0.7071 -0.7071
		-0.2499 1.625 0.2499 0.126 0.749 1 1 1 -1 0 0 0 0.7071 0.7071 0 0.7071 -0.7071
		-0.2499 1.625 -0.2499 0.000249 0.749 1 1 1 -1 0 0 0 0.7071 0.7071 0 0.7071 -0.7071
	KeyFrames: 5
		1 1 0 0 0 0 0 0 1 1 1
		12 1 0 0 0 0 0 0 1 1 1
		24 1 0 0 0 0 0 0 1 1 1
		36 1 0 0 0 0 0 0 1 1 1
		47 1 0 0 0 0 0 0 1 1 1

	mc_creeper_body -> mc_creeper  //G:2
	1 1 1 0 0.37 0 1
		MC_Creeper_M 36
		0.2499 1.125 0.125 0.438 0.374 1 1 1 0 0 1 -1 0 0 0 -1 0
		-0.2499 1.125 0.125 0.312 0.374 1 1 1 0 0 1 -1 0 0 0 -1 0
		-0.2499 0.3749 0.125 0.312 0.000987 1 1 1 0 0 1 -1 0 0 0 -1 0
		0.2499 1.125 0.125 0.438 0.374 1 1 1 0 0 1 -0.5546 -0.8321 0 0.8321 -0.5546 0
		-0.2499 0.3749 0.125 0.312 0.000987 1 1 1 0 0 1 -0.5546 -0.8321 0 0.8321 -0.5546 0
		0.2499 0.3749 0.125 0.438 0.000987 1 1 1 0 0 1 -0.5546 -0.8321 0 0.8321 -0.5546 0
		-0.2499 1.125 0.125 0.312 0.374 1 1 1 0 1 0 1 0 0 0 0 -1
		0.2499 1.125 0.125 0.438 0.374 1 1 1 0 1 0 1 0 0 0 0 -1
		0.2499 1.125 -0.125 0.438 0.501 1 1 1 0 1 0 1 0 0 0 0 -1
		-0.2499 1.125 0.125 0.312 0.374 1 1 1 0 1 0 0.8944 0 -0.4473 -0.4473 0 -0.8944
		0.2499 1.125 -0.125 0.438 0.501 1 1 1 0 1 0 0.8944 0 -0.4473 -0.4473 0 -0.8944
		-0.2499 1.125 -0.125 0.312 0.501 1 1 1 0 1 0 0.8944 0 -0.4473 -0.4473 0 -0.8944
		0.2499 0.3749 -0.125 0.5 0.000987 1 1 1 0 0 -1 -1 0 0 0 1 0
		-0.2499 0.3749 -0.125 0.624 0.000987 1 1 1 0 0 -1 -1 0 0 0 1 0
		-0.2499 1.125 -0.125 0.624 0.374 1 1 1 0 0 -1 -1 0 0 0 1 0
		0.2499 0.3749 -0.125 0.5 0.000987 1 1 1 0 0 -1 -0.5546 0.8321 0 0.8321 0.5546 0
		-0.2499 1.125 -0.125 0.624 0.374 1 1 1 0 0 -1 -0.5546 0.8321 0 0.8321 0.5546 0
		0.2499 1.125 -0.125 0.5 0.374 1 1 1 0 0 -1 -0.5546 0.8321 0 0.8321 0.5546 0
		0.2499 0.3749 0.125 0.562 0.374 1 1 1 0 -1 0 -1 0 0 0 0 -1
		-0.2499 0.3749 0.125 0.562 0.501 1 1 1 0 -1 0 -1 0 0 0 0 -1
		-0.2499 0.3749 -0.125 0.438 0.501 1 1 1 0 -1 0 -1 0 0 0 0 -1
		0.2499 0.3749 0.125 0.562 0.374 1 1 1 0 -1 0 -0.8944 0 -0.4473 0.4473 0 -0.8944
		-0.2499 0.3749 -0.125 0.438 0.501 1 1 1 0 -1 0 -0.8944 0 -0.4473 0.4473 0 -0.8944
		0.2499 0.3749 -0.125 0.438 0.374 1 1 1 0 -1 0 -0.8944 0 -0.4473 0.4473 0 -0.8944
		0.2499 0.3749 -0.125 0.5 0.000987 1 1 1 1 0 0 0 1 0 0 0 1
		0.2499 1.125 -0.125 0.5 0.374 1 1 1 1 0 0 0 1 0 0 0 1
		0.2499 0.3749 0.125 0.438 0.000987 1 1 1 1 0 0 0 1 0 0 0 1
		0.2499 1.125 0.125 0.438 0.374 1 1 1 1 0 0 0 -1 0 0 0 -1
		0.2499 0.3749 0.125 0.438 0.000987 1 1 1 1 0 0 0 -1 0 0 0 -1
		0.2499 1.125 -0.125 0.5 0.374 1 1 1 1 0 0 0 -1 0 0 0 -1
		-0.2499 1.125 0.125 0.312 0.374 1 1 1 -1 0 0 0 -0.9487 -0.3162 0 -0.3162 0.9487
		-0.2499 0.3749 -0.125 0.249 0.000987 1 1 1 -1 0 0 0 -0.9487 -0.3162 0 -0.3162 0.9487
		-0.2499 0.3749 0.125 0.312 0.000987 1 1 1 -1 0 0 0 -0.9487 -0.3162 0 -0.3162 0.9487
		-0.2499 0.3749 -0.125 0.249 0.000987 1 1 1 -1 0 0 0 0.9487 0.3162 0 0.3162 -0.9487
		-0.2499 1.125 0.125 0.312 0.374 1 1 1 -1 0 0 0 0.9487 0.3162 0 0.3162 -0.9487
		-0.2499 1.125 -0.125 0.249 0.374 1 1 1 -1 0 0 0 0.9487 0.3162 0 0.3162 -0.9487
	KeyFrames: 5
		1 1 0 0 0 0 0 0 1 1 1
		12 1 0 0 0 0 0 0 1 1 1
		24 1 0 0 0 0 0 0 1 1 1
		36 1 0 0 0 0 0 0 1 1 1
		47 1 0 0 0 0 0 0 1 1 1

	mc_creeper_LBleg -> mc_creeper  //G:3
	1 1 1 0.125 0.374 -0.124 1
		MC_Creeper_M 36
		0 -0.0005931 -0.3745 0.126 0.188 1 1 1 0 0 -1 0 1 0 1 0 0
		0 0.3744 -0.3745 0.126 0.373 1 1 1 0 0 -1 0 1 0 1 0 0
		0.25 -0.0005931 -0.3745 0.063 0.188 1 1 1 0 0 -1 0 1 0 1 0 0
		0.25 -0.0005931 -0.3745 0.063 0.188 1 1 1 0 0 -1 -0.5547 0.8321 0 0.8321 0.5547 0
		0 0.3744 -0.3745 0.126 0.373 1 1 1 0 0 -1 -0.5547 0.8321 0 0.8321 0.5547 0
		0.25 0.3744 -0.3745 0.063 0.373 1 1 1 0 0 -1 -0.5547 0.8321 0 0.8321 0.5547 0
		0 0.3744 -0.1245 0.126 0.501 1 1 1 0 1 0 1 0 0 0 0 -1
		0.25 0.3744 -0.1245 0.063 0.501 1 1 1 0 1 0 1 0 0 0 0 -1
		0.25 0.3744 -0.3745 0.063 0.373 1 1 1 0 1 0 1 0 0 0 0 -1
		0 0.3744 -0.1245 0.126 0.501 1 1 1 0 1 0 0.7071 0 -0.7071 -0.7071 0 -0.7071
		0.25 0.3744 -0.3745 0.063 0.373 1 1 1 0 1 0 0.7071 0 -0.7071 -0.7071 0 -0.7071
		0 0.3744 -0.3745 0.126 0.373 1 1 1 0 1 0 0.7071 0 -0.7071 -0.7071 0 -0.7071
		0 0.3744 -0.1245 0.187 0.373 1 1 1 0 0 1 0 -1 0 1 0 0
		0 -0.0005931 -0.1245 0.187 0.188 1 1 1 0 0 1 0 -1 0 1 0 0
		0.25 0.3744 -0.1245 0.249 0.373 1 1 1 0 0 1 0 -1 0 1 0 0
		0.25 0.3744 -0.1245 0.249 0.373 1 1 1 0 0 1 -0.5547 -0.8321 0 0.8321 -0.5547 0
		0 -0.0005931 -0.1245 0.187 0.188 1 1 1 0 0 1 -0.5547 -0.8321 0 0.8321 -0.5547 0
		0.25 -0.0005931 -0.1245 0.249 0.188 1 1 1 0 0 1 -0.5547 -0.8321 0 0.8321 -0.5547 0
		0 -0.0005931 -0.1245 0.187 0.374 1 1 1 0 -1 0 0 0 -1 1 0 0
		0 -0.0005931 -0.3745 0.187 0.501 1 1 1 0 -1 0 0 0 -1 1 0 0
		0.25 -0.0005931 -0.1245 0.126 0.374 1 1 1 0 -1 0 0 0 -1 1 0 0
		0.25 -0.0005931 -0.1245 0.126 0.374 1 1 1 0 -1 0 -0.7071 0 -0.7071 0.7071 0 -0.7071
		0 -0.0005931 -0.3745 0.187 0.501 1 1 1 0 -1 0 -0.7071 0 -0.7071 0.7071 0 -0.7071
		0.25 -0.0005931 -0.3745 0.126 0.501 1 1 1 0 -1 0 -0.7071 0 -0.7071 0.7071 0 -0.7071
		0 0.3744 -0.1245 0.187 0.373 1 1 1 -1 0 0 0 -0.8321 -0.5547 0 -0.5547 0.8321
		0 -0.0005931 -0.3745 0.126 0.188 1 1 1 -1 0 0 0 -0.8321 -0.5547 0 -0.5547 0.8321
		0 -0.0005931 -0.1245 0.187 0.188 1 1 1 -1 0 0 0 -0.8321 -0.5547 0 -0.5547 0.8321
		0 -0.0005931 -0.3745 0.126 0.188 1 1 1 -1 0 0 0 0.8321 0.5547 0 0.5547 -0.8321
		0 0.3744 -0.1245 0.187 0.373 1 1 1 -1 0 0 0 0.8321 0.5547 0 0.5547 -0.8321
		0 0.3744 -0.3745 0.126 0.373 1 1 1 -1 0 0 0 0.8321 0.5547 0 0.5547 -0.8321
		0.25 0.3744 -0.1245 0.000519 0.373 1 1 1 1 0 0 0 -1 0 0 0 -1
		0.25 -0.0005931 -0.1245 0.000519 0.188 1 1 1 1 0 0 0 -1 0 0 0 -1
		0.25 0.3744 -0.3745 0.063 0.373 1 1 1 1 0 0 0 -1 0 0 0 -1
		0.25 -0.0005931 -0.1245 0.000519 0.188 1 1 1 1 0 0 0 0 -1 0 1 0
		0.25 -0.0005931 -0.3745 0.063 0.188 1 1 1 1 0 0 0 0 -1 0 1 0
		0.25 0.3744 -0.3745 0.063 0.373 1 1 1 1 0 0 0 0 -1 0 1 0
	KeyFrames: 5
		1 1 0 0 0 0 0 0 1 1 1
		12 1 0 0 0 -15 0 0 1 1 1
		24 1 0 0 0 0 0 0 1 1 1
		36 1 0 0 0 15 0 0 1 1 1
		47 1 0 0 0 0 0 0 1 1 1

	mc_creeper_RBleg -> mc_creeper  //G:4
	1 1 1 -0.125 0.374 -0.124 1
		MC_Creeper_M 36
		0 -0.0005931 -0.3745 0.126 0.188 1 1 1 0 0 -1 -1 0 0 0 1 0
		-0.25 -0.0005931 -0.3745 0.063 0.188 1 1 1 0 0 -1 -1 0 0 0 1 0
		0 0.3744 -0.3745 0.126 0.373 1 1 1 0 0 -1 -1 0 0 0 1 0
		-0.25 -0.0005931 -0.3745 0.063 0.188 1 1 1 0 0 -1 0 1 0 1 0 0
		-0.25 0.3744 -0.3745 0.063 0.373 1 1 1 0 0 -1 0 1 0 1 0 0
		0 0.3744 -0.3745 0.126 0.373 1 1 1 0 0 -1 0 1 0 1 0 0
		0 0.3744 -0.1245 0.126 0.501 1 1 1 0 1 0 -0.7071 0 -0.7071 -0.7071 0 0.7071
		-0.25 0.3744 -0.3745 0.063 0.373 1 1 1 0 1 0 -0.7071 0 -0.7071 -0.7071 0 0.7071
		-0.25 0.3744 -0.1245 0.063 0.501 1 1 1 0 1 0 -0.7071 0 -0.7071 -0.7071 0 0.7071
		-0.25 0.3744 -0.3745 0.063 0.373 1 1 1 0 1 0 0.7071 0 0.7071 0.7071 0 -0.7071
		0 0.3744 -0.1245 0.126 0.501 1 1 1 0 1 0 0.7071 0 0.7071 0.7071 0 -0.7071
		0 0.3744 -0.3745 0.126 0.373 1 1 1 0 1 0 0.7071 0 0.7071 0.7071 0 -0.7071
		0 0.3744 -0.1245 0.187 0.373 1 1 1 0 0 1 -1 0 0 0 -1 0
		-0.25 0.3744 -0.1245 0.249 0.373 1 1 1 0 0 1 -1 0 0 0 -1 0
		0 -0.0005931 -0.1245 0.187 0.188 1 1 1 0 0 1 -1 0 0 0 -1 0
		-0.25 0.3744 -0.1245 0.249 0.373 1 1 1 0 0 1 0 -1 0 1 0 0
		-0.25 -0.0005931 -0.1245 0.249 0.188 1 1 1 0 0 1 0 -1 0 1 0 0
		0 -0.0005931 -0.1245 0.187 0.188 1 1 1 0 0 1 0 -1 0 1 0 0
		0 -0.0005931 -0.1245 0.187 0.374 1 1 1 0 -1 0 -1 0 0 0 0 -1
		-0.25 -0.0005931 -0.1245 0.126 0.374 1 1 1 0 -1 0 -1 0 0 0 0 -1
		0 -0.0005931 -0.3745 0.187 0.501 1 1 1 0 -1 0 -1 0 0 0 0 -1
		-0.25 -0.0005931 -0.1245 0.126 0.374 1 1 1 0 -1 0 0 0 -1 1 0 0
		-0.25 -0.0005931 -0.3745 0.126 0.501 1 1 1 0 -1 0 0 0 -1 1 0 0
		0 -0.0005931 -0.3745 0.187 0.501 1 1 1 0 -1 0 0 0 -1 1 0 0
		0 0.3744 -0.1245 0.187 0.373 1 1 1 1 0 0 0 -1 0 0 0 -1
		0 -0.0005931 -0.1245 0.187 0.188 1 1 1 1 0 0 0 -1 0 0 0 -1
		0 -0.0005931 -0.3745 0.126 0.188 1 1 1 1 0 0 0 -1 0 0 0 -1
		0 0.3744 -0.1245 0.187 0.373 1 1 1 1 0 0 0 -0.8321 -0.5547 0 0.5547 -0.8321
		0 -0.0005931 -0.3745 0.126 0.188 1 1 1 1 0 0 0 -0.8321 -0.5547 0 0.5547 -0.8321
		0 0.3744 -0.3745 0.126 0.373 1 1 1 1 0 0 0 -0.8321 -0.5547 0 0.5547 -0.8321
		-0.25 0.3744 -0.1245 0.000519 0.373 1 1 1 -1 0 0 0 0 -1 0 -1 0
		-0.25 0.3744 -0.3745 0.063 0.373 1 1 1 -1 0 0 0 0 -1 0 -1 0
		-0.25 -0.0005931 -0.1245 0.000519 0.188 1 1 1 -1 0 0 0 0 -1 0 -1 0
		-0.25 -0.0005931 -0.1245 0.000519 0.188 1 1 1 -1 0 0 0 0.8321 -0.5547 0 -0.5547 -0.8321
		-0.25 0.3744 -0.3745 0.063 0.373 1 1 1 -1 0 0 0 0.8321 -0.5547 0 -0.5547 -0.8321
		-0.25 -0.0005931 -0.3745 0.063 0.188 1 1 1 -1 0 0 0 0.8321 -0.5547 0 -0.5547 -0.8321
	KeyFrames: 5
		1 1 0 0 0 0 0 0 1 1 1
		12 1 0 0 0 15 0 0 1 1 1
		24 1 0 0 0 0 0 0 1 1 1
		36 1 0 0 0 -15 0 0 1 1 1
		47 1 0 0 0 0 0 0 1 1 1

	mc_creeper_LFleg -> mc_creeper  //G:5
	1 1 1 0.125 0.374 0.124 1
		MC_Creeper_M 36
		0 0.3744 0.3745 0.126 0.373 1 1 1 0 0 1 0.5547 -0.8321 0 0.8321 0.5547 0
		0.25 -0.0005931 0.3745 0.063 0.188 1 1 1 0 0 1 0.5547 -0.8321 0 0.8321 0.5547 0
		0.25 0.3744 0.3745 0.063 0.373 1 1 1 0 0 1 0.5547 -0.8321 0 0.8321 0.5547 0
		0.25 -0.0005931 0.3745 0.063 0.188 1 1 1 0 0 1 -0.5547 0.8321 0 -0.8321 -0.5547 0
		0 0.3744 0.3745 0.126 0.373 1 1 1 0 0 1 -0.5547 0.8321 0 -0.8321 -0.5547 0
		0 -0.0005931 0.3745 0.126 0.188 1 1 1 0 0 1 -0.5547 0.8321 0 -0.8321 -0.5547 0
		0 0.3744 0.3745 0.126 0.373 1 1 1 0 1 0 1 0 0 0 0 -1
		0.25 0.3744 0.3745 0.063 0.373 1 1 1 0 1 0 1 0 0 0 0 -1
		0 0.3744 0.1245 0.126 0.501 1 1 1 0 1 0 1 0 0 0 0 -1
		0.25 0.3744 0.3745 0.063 0.373 1 1 1 0 1 0 0 0 -1 -1 0 0
		0.25 0.3744 0.1245 0.063 0.501 1 1 1 0 1 0 0 0 -1 -1 0 0
		0 0.3744 0.1245 0.126 0.501 1 1 1 0 1 0 0 0 -1 -1 0 0
		0 -0.0005931 0.1245 0.187 0.188 1 1 1 0 0 -1 0.5547 0.8321 0 0.8321 -0.5547 0
		0.25 0.3744 0.1245 0.249 0.373 1 1 1 0 0 -1 0.5547 0.8321 0 0.8321 -0.5547 0
		0.25 -0.0005931 0.1245 0.249 0.188 1 1 1 0 0 -1 0.5547 0.8321 0 0.8321 -0.5547 0
		0.25 0.3744 0.1245 0.249 0.373 1 1 1 0 0 -1 -0.5547 -0.8321 0 -0.8321 0.5547 0
		0 -0.0005931 0.1245 0.187 0.188 1 1 1 0 0 -1 -0.5547 -0.8321 0 -0.8321 0.5547 0
		0 0.3744 0.1245 0.187 0.373 1 1 1 0 0 -1 -0.5547 -0.8321 0 -0.8321 0.5547 0
		0 -0.0005931 0.3745 0.187 0.501 1 1 1 0 -1 0 0.7071 0 -0.7071 0.7071 0 0.7071
		0.25 -0.0005931 0.1245 0.126 0.374 1 1 1 0 -1 0 0.7071 0 -0.7071 0.7071 0 0.7071
		0.25 -0.0005931 0.3745 0.126 0.501 1 1 1 0 -1 0 0.7071 0 -0.7071 0.7071 0 0.7071
		0.25 -0.0005931 0.1245 0.126 0.374 1 1 1 0 -1 0 -0.7071 0 0.7071 -0.7071 0 -0.7071
		0 -0.0005931 0.3745 0.187 0.501 1 1 1 0 -1 0 -0.7071 0 0.7071 -0.7071 0 -0.7071
		0 -0.0005931 0.1245 0.187 0.374 1 1 1 0 -1 0 -0.7071 0 0.7071 -0.7071 0 -0.7071
		0 0.3744 0.3745 0.126 0.373 1 1 1 -1 0 0 0 0 -1 0 -1 0
		0 0.3744 0.1245 0.187 0.373 1 1 1 -1 0 0 0 0 -1 0 -1 0
		0 -0.0005931 0.3745 0.126 0.188 1 1 1 -1 0 0 0 0 -1 0 -1 0
		0 -0.0005931 0.3745 0.126 0.188 1 1 1 -1 0 0 0 0.8321 -0.5547 0 -0.5547 -0.8321
		0 0.3744 0.1245 0.187 0.373 1 1 1 -1 0 0 0 0.8321 -0.5547 0 -0.5547 -0.8321
		0 -0.0005931 0.1245 0.187 0.188 1 1 1 -1 0 0 0 0.8321 -0.5547 0 -0.5547 -0.8321
		0.25 0.3744 0.3745 0.063 0.373 1 1 1 1 0 0 0 -1 0 0 0 -1
		0.25 -0.0005931 0.3745 0.063 0.188 1 1 1 1 0 0 0 -1 0 0 0 -1
		0.25 -0.0005931 0.1245 0.000519 0.188 1 1 1 1 0 0 0 -1 0 0 0 -1
		0.25 0.3744 0.3745 0.063 0.373 1 1 1 1 0 0 0 -0.8321 -0.5547 0 0.5547 -0.8321
		0.25 -0.0005931 0.1245 0.000519 0.188 1 1 1 1 0 0 0 -0.8321 -0.5547 0 0.5547 -0.8321
		0.25 0.3744 0.1245 0.000519 0.373 1 1 1 1 0 0 0 -0.8321 -0.5547 0 0.5547 -0.8321
	KeyFrames: 5
		1 1 0 0 0 0 0 0 1 1 1
		12 1 0 0 0 15 0 0 1 1 1
		24 1 0 0 0 0 0 0 1 1 1
		36 1 0 0 0 -15 0 0 1 1 1
		47 1 0 0 0 0 0 0 1 1 1

	mc_creeper_RFleg -> mc_creeper  //G:6
	1 1 1 -0.125 0.374 0.124 1
		MC_Creeper_M 36
		0 0.3744 0.3745 0.126 0.373 1 1 1 0 0 1 -1 0 0 0 -1 0
		-0.25 0.3744 0.3745 0.063 0.373 1 1 1 0 0 1 -1 0 0 0 -1 0
		-0.25 -0.0005931 0.3745 0.063 0.188 1 1 1 0 0 1 -1 0 0 0 -1 0
		0 0.3744 0.3745 0.126 0.373 1 1 1 0 0 1 -0.5547 -0.8321 0 0.8321 -0.5547 0
		-0.25 -0.0005931 0.3745 0.063 0.188 1 1 1 0 0 1 -0.5547 -0.8321 0 0.8321 -0.5547 0
		0 -0.0005931 0.3745 0.126 0.188 1 1 1 0 0 1 -0.5547 -0.8321 0 0.8321 -0.5547 0
		0 0.3744 0.3745 0.126 0.373 1 1 1 0 1 0 0 0 -1 -1 0 0
		0 0.3744 0.1245 0.126 0.501 1 1 1 0 1 0 0 0 -1 -1 0 0
		-0.25 0.3744 0.3745 0.063 0.373 1 1 1 0 1 0 0 0 -1 -1 0 0
		-0.25 0.3744 0.3745 0.063 0.373 1 1 1 0 1 0 0.7071 0 -0.7071 -0.7071 0 -0.7071
		0 0.3744 0.1245 0.126 0.501 1 1 1 0 1 0 0.7071 0 -0.7071 -0.7071 0 -0.7071
		-0.25 0.3744 0.1245 0.063 0.501 1 1 1 0 1 0 0.7071 0 -0.7071 -0.7071 0 -0.7071
		0 -0.0005931 0.1245 0.187 0.188 1 1 1 0 0 -1 -1 0 0 0 1 0
		-0.25 -0.0005931 0.1245 0.249 0.188 1 1 1 0 0 -1 -1 0 0 0 1 0
		-0.25 0.3744 0.1245 0.249 0.373 1 1 1 0 0 -1 -1 0 0 0 1 0
		0 -0.0005931 0.1245 0.187 0.188 1 1 1 0 0 -1 -0.5547 0.8321 0 0.8321 0.5547 0
		-0.25 0.3744 0.1245 0.249 0.373 1 1 1 0 0 -1 -0.5547 0.8321 0 0.8321 0.5547 0
		0 0.3744 0.1245 0.187 0.373 1 1 1 0 0 -1 -0.5547 0.8321 0 0.8321 0.5547 0
		0 -0.0005931 0.3745 0.187 0.501 1 1 1 0 -1 0 -1 0 0 0 0 -1
		-0.25 -0.0005931 0.3745 0.126 0.501 1 1 1 0 -1 0 -1 0 0 0 0 -1
		-0.25 -0.0005931 0.1245 0.126 0.374 1 1 1 0 -1 0 -1 0 0 0 0 -1
		0 -0.0005931 0.3745 0.187 0.501 1 1 1 0 -1 0 -0.7071 0 -0.7071 0.7071 0 -0.7071
		-0.25 -0.0005931 0.1245 0.126 0.374 1 1 1 0 -1 0 -0.7071 0 -0.7071 0.7071 0 -0.7071
		0 -0.0005931 0.1245 0.187 0.374 1 1 1 0 -1 0 -0.7071 0 -0.7071 0.7071 0 -0.7071
		0 0.3744 0.3745 0.126 0.373 1 1 1 1 0 0 0 -1 0 0 0 -1
		0 -0.0005931 0.3745 0.126 0.188 1 1 1 1 0 0 0 -1 0 0 0 -1
		0 0.3744 0.1245 0.187 0.373 1 1 1 1 0 0 0 -1 0 0 0 -1
		0 -0.0005931 0.3745 0.126 0.188 1 1 1 1 0 0 0 0 -1 0 1 0
		0 -0.0005931 0.1245 0.187 0.188 1 1 1 1 0 0 0 0 -1 0 1 0
		0 0.3744 0.1245 0.187 0.373 1 1 1 1 0 0 0 0 -1 0 1 0
		-0.25 0.3744 0.3745 0.063 0.373 1 1 1 -1 0 0 0 -0.8321 -0.5547 0 -0.5547 0.8321
		-0.25 -0.0005931 0.1245 0.000519 0.188 1 1 1 -1 0 0 0 -0.8321 -0.5547 0 -0.5547 0.8321
		-0.25 -0.0005931 0.3745 0.063 0.188 1 1 1 -1 0 0 0 -0.8321 -0.5547 0 -0.5547 0.8321
		-0.25 -0.0005931 0.1245 0.000519 0.188 1 1 1 -1 0 0 0 0.8321 0.5547 0 0.5547 -0.8321
		-0.25 0.3744 0.3745 0.063 0.373 1 1 1 -1 0 0 0 0.8321 0.5547 0 0.5547 -0.8321
		-0.25 0.3744 0.1245 0.000519 0.373 1 1 1 -1 0 0 0 0.8321 0.5547 0 0.5547 -0.8321
	KeyFrames: 5
		1 1 0 0 0 0 0 0 1 1 1
		12 1 0 0 0 -15 0 0 1 1 1
		24 1 0 0 0 0 0 0 1 1 1
		36 1 0 0 0 15 0 0 1 1 1
		47 1 0 0 0 0 0 0 1 1 1


Sequences: // 1
	#SQ: Name ( FirstFrame | LastFrame | FrameRate )
	SQ: Default ( 0 | 48 | 30 ) //0

States: //1
	#ST: Name ( SequenceName | Breakable | Transitional | Loop ) // Index
	ST: Default ( Default | 0 | 0 | 1 ) //0

	Exits: //0
		# EX: CurrentState -> NextState
