# ASCII Text Object file created from the model Cube.fbx
# 2015-11-22 | 9:29:11
# Made by Alberto Bobadilla (labigm@rit.edu)
Version: 1.0

Materials: 1
	Grass_M
		Diffuse: 1 1 1
		DiffuseMap: Block1.psd
		NormalMap: NULL
		SpecularMap: NULL

Frames: 1

Groups: 1
	#Name -> Parent
	#HP Visible Collidable pivotX pivotY pivotZ ShapeCount
		#Name MaterialName VertexCount
		#(Vertex, UV, Color, Normal, Tangent, Binormal)
	#KeyFrames: #
		#N, V, Tx, Ty, Tz, Rx, Ry, Rz, Sx, Sy, Sz
	Grass -> NULL  //G:0
	1 1 1 0 0 -2.22e-16 1
		Grass_M 36
		1 1 1 0.494 0.337 1 1 1 0 0 1 -1 0 0 0 -1 0
		0 1 1 0.253 0.337 1 1 1 0 0 1 -1 0 0 0 -1 0
		0 0 1 0.253 -0.000319 1 1 1 0 0 1 -1 0 0 0 -1 0
		1 1 1 0.494 0.337 1 1 1 0 0 1 -0.7071 -0.7071 0 0.7071 -0.7071 0
		0 0 1 0.253 -0.000319 1 1 1 0 0 1 -0.7071 -0.7071 0 0.7071 -0.7071 0
		1 0 1 0.494 -0.000319 1 1 1 0 0 1 -0.7071 -0.7071 0 0.7071 -0.7071 0
		1 1 1 0.494 0.337 1 1 1 0 1 0 0 0 -1 -1 0 0
		1 1 0 0.494 0.663 1 1 1 0 1 0 0 0 -1 -1 0 0
		0 1 1 0.253 0.337 1 1 1 0 1 0 0 0 -1 -1 0 0
		0 1 1 0.253 0.337 1 1 1 0 1 0 0.7071 0 -0.7071 -0.7071 0 -0.7071
		1 1 0 0.494 0.663 1 1 1 0 1 0 0.7071 0 -0.7071 -0.7071 0 -0.7071
		0 1 0 0.253 0.663 1 1 1 0 1 0 0.7071 0 -0.7071 -0.7071 0 -0.7071
		1 0 0 0.494 0.996 1 1 1 0 0 -1 -1 0 0 0 1 0
		0 0 0 0.253 0.996 1 1 1 0 0 -1 -1 0 0 0 1 0
		0 1 0 0.253 0.663 1 1 1 0 0 -1 -1 0 0 0 1 0
		1 0 0 0.494 0.996 1 1 1 0 0 -1 -0.7071 0.7071 0 0.7071 0.7071 0
		0 1 0 0.253 0.663 1 1 1 0 0 -1 -0.7071 0.7071 0 0.7071 0.7071 0
		1 1 0 0.494 0.663 1 1 1 0 0 -1 -0.7071 0.7071 0 0.7071 0.7071 0
		1 0 1 0.75 0.337 1 1 1 0 -1 0 -1 0 0 0 0 -1
		0 0 1 0.997 0.337 1 1 1 0 -1 0 -1 0 0 0 0 -1
		0 0 0 0.997 0.663 1 1 1 0 -1 0 -1 0 0 0 0 -1
		1 0 1 0.75 0.337 1 1 1 0 -1 0 -0.7071 0 -0.7071 0.7071 0 -0.7071
		0 0 0 0.997 0.663 1 1 1 0 -1 0 -0.7071 0 -0.7071 0.7071 0 -0.7071
		1 0 0 0.75 0.663 1 1 1 0 -1 0 -0.7071 0 -0.7071 0.7071 0 -0.7071
		1 1 1 0.494 0.337 1 1 1 1 0 0 0 -1 0 0 0 -1
		1 0 1 0.75 0.337 1 1 1 1 0 0 0 -1 0 0 0 -1
		1 1 0 0.494 0.663 1 1 1 1 0 0 0 -1 0 0 0 -1
		1 0 1 0.75 0.337 1 1 1 1 0 0 0 0 -1 0 1 0
		1 0 0 0.75 0.663 1 1 1 1 0 0 0 0 -1 0 1 0
		1 1 0 0.494 0.663 1 1 1 1 0 0 0 0 -1 0 1 0
		0 1 1 0.253 0.337 1 1 1 -1 0 0 0 -0.7071 -0.7071 0 -0.7071 0.7071
		0 0 0 -0.00313 0.663 1 1 1 -1 0 0 0 -0.7071 -0.7071 0 -0.7071 0.7071
		0 0 1 -0.00313 0.337 1 1 1 -1 0 0 0 -0.7071 -0.7071 0 -0.7071 0.7071
		0 0 0 -0.00313 0.663 1 1 1 -1 0 0 0 0.7071 0.7071 0 0.7071 -0.7071
		0 1 1 0.253 0.337 1 1 1 -1 0 0 0 0.7071 0.7071 0 0.7071 -0.7071
		0 1 0 0.253 0.663 1 1 1 -1 0 0 0 0.7071 0.7071 0 0.7071 -0.7071
	KeyFrames: 1
		0 1 0 0 0 0 0 0 1 1 1


Sequences: // 1
	#SQ: Name ( FirstFrame | LastFrame | FrameRate )
	SQ: Default ( 0 | 1 | 30 ) //0

States: //1
	#ST: Name ( SequenceName | Breakable | Transitional | Loop ) // Index
	ST: Default ( Default | 0 | 0 | 1 ) //0

	Exits: //0
		# EX: CurrentState -> NextState
