# ASCII Text Object file created from the model Zombie.fbx
# 2015-11-14 | 22:51:37
# Made by Alberto Bobadilla (labigm@rit.edu)
Version: 1.0

Materials: 1
	MC_Zombie_M
		Diffuse: 1 1 1
		DiffuseMap: DefZombie1024.png
		NormalMap: NULL
		SpecularMap: NULL

Frames: 48

Groups: 7
	#Name -> Parent
	#HP Visible Collidable pivotX pivotY pivotZ ShapeCount
		#Name MaterialName VertexCount
		#(Vertex, UV, Color, Normal, Tangent, Binormal)
	#KeyFrames: #
		#N, V, Tx, Ty, Tz, Rx, Ry, Rz, Sx, Sy, Sz
	mc_zombie -> NULL  //G:0
	1 1 1 0 0 0 0
	KeyFrames: 1
		0 1 0 0 0 0 0 0 1 1 1

	mc_zombie_head -> mc_zombie  //G:1
	1 1 1 0 1.5 0 1
		MC_Zombie_M 36
		0.2499 2 0.2499 0.25 0.749 1 1 1 0 0 1 -1 0 0 0 -1 0
		-0.2499 2 0.2499 0.125 0.749 1 1 1 0 0 1 -1 0 0 0 -1 0
		-0.2499 1.5 0.2499 0.125 0.502 1 1 1 0 0 1 -1 0 0 0 -1 0
		0.2499 2 0.2499 0.25 0.749 1 1 1 0 0 1 -0.7071 -0.7071 0 0.7071 -0.7071 0
		-0.2499 1.5 0.2499 0.125 0.502 1 1 1 0 0 1 -0.7071 -0.7071 0 0.7071 -0.7071 0
		0.2499 1.5 0.2499 0.25 0.502 1 1 1 0 0 1 -0.7071 -0.7071 0 0.7071 -0.7071 0
		0.2499 2 0.2499 0.25 0.749 1 1 1 0 1 0 0 0 -1 -1 0 0
		0.2499 2 -0.2499 0.25 0.999 1 1 1 0 1 0 0 0 -1 -1 0 0
		-0.2499 2 0.2499 0.125 0.749 1 1 1 0 1 0 0 0 -1 -1 0 0
		-0.2499 2 0.2499 0.125 0.749 1 1 1 0 1 0 0.7071 0 -0.7071 -0.7071 0 -0.7071
		0.2499 2 -0.2499 0.25 0.999 1 1 1 0 1 0 0.7071 0 -0.7071 -0.7071 0 -0.7071
		-0.2499 2 -0.2499 0.125 0.999 1 1 1 0 1 0 0.7071 0 -0.7071 -0.7071 0 -0.7071
		0.2499 1.5 -0.2499 0.375 0.502 1 1 1 0 0 -1 -1 0 0 0 1 0
		-0.2499 1.5 -0.2499 0.499 0.502 1 1 1 0 0 -1 -1 0 0 0 1 0
		-0.2499 2 -0.2499 0.499 0.749 1 1 1 0 0 -1 -1 0 0 0 1 0
		0.2499 1.5 -0.2499 0.375 0.502 1 1 1 0 0 -1 -0.7071 0.7071 0 0.7071 0.7071 0
		-0.2499 2 -0.2499 0.499 0.749 1 1 1 0 0 -1 -0.7071 0.7071 0 0.7071 0.7071 0
		0.2499 2 -0.2499 0.375 0.749 1 1 1 0 0 -1 -0.7071 0.7071 0 0.7071 0.7071 0
		0.2499 1.5 0.2499 0.375 1 1 1 1 0 -1 0 -1 0 0 0 0 -1
		-0.2499 1.5 0.2499 0.25 1 1 1 1 0 -1 0 -1 0 0 0 0 -1
		-0.2499 1.5 -0.2499 0.25 0.75 1 1 1 0 -1 0 -1 0 0 0 0 -1
		0.2499 1.5 0.2499 0.375 1 1 1 1 0 -1 0 -0.7071 0 -0.7071 0.7071 0 -0.7071
		-0.2499 1.5 -0.2499 0.25 0.75 1 1 1 0 -1 0 -0.7071 0 -0.7071 0.7071 0 -0.7071
		0.2499 1.5 -0.2499 0.375 0.75 1 1 1 0 -1 0 -0.7071 0 -0.7071 0.7071 0 -0.7071
		0.2499 2 0.2499 0.25 0.749 1 1 1 1 0 0 0 -1 0 0 0 -1
		0.2499 1.5 0.2499 0.25 0.502 1 1 1 1 0 0 0 -1 0 0 0 -1
		0.2499 2 -0.2499 0.375 0.749 1 1 1 1 0 0 0 -1 0 0 0 -1
		0.2499 1.5 0.2499 0.25 0.502 1 1 1 1 0 0 0 0 -1 0 1 0
		0.2499 1.5 -0.2499 0.375 0.502 1 1 1 1 0 0 0 0 -1 0 1 0
		0.2499 2 -0.2499 0.375 0.749 1 1 1 1 0 0 0 0 -1 0 1 0
		-0.2499 2 0.2499 0.125 0.749 1 1 1 -1 0 0 0 -0.7071 -0.7071 0 -0.7071 0.7071
		-0.2499 1.5 -0.2499 0.000383 0.502 1 1 1 -1 0 0 0 -0.7071 -0.7071 0 -0.7071 0.7071
		-0.2499 1.5 0.2499 0.125 0.502 1 1 1 -1 0 0 0 -0.7071 -0.7071 0 -0.7071 0.7071
		-0.2499 1.5 -0.2499 0.000383 0.502 1 1 1 -1 0 0 0 0.7071 0.7071 0 0.7071 -0.7071
		-0.2499 2 0.2499 0.125 0.749 1 1 1 -1 0 0 0 0.7071 0.7071 0 0.7071 -0.7071
		-0.2499 2 -0.2499 0.000383 0.749 1 1 1 -1 0 0 0 0.7071 0.7071 0 0.7071 -0.7071
	KeyFrames: 1
		0 1 0 0 0 0 0 0 1 1 1

	mc_zombie_body -> mc_zombie  //G:2
	1 1 1 0 0.751 0 1
		MC_Zombie_M 36
		0.2499 1.5 0.125 0.438 0.373 1 1 1 0 0 1 -1 0 0 0 -1 0
		-0.2499 1.5 0.125 0.312 0.373 1 1 1 0 0 1 -1 0 0 0 -1 0
		-0.2499 0.7499 0.125 0.312 0.00133 1 1 1 0 0 1 -1 0 0 0 -1 0
		0.2499 1.5 0.125 0.438 0.373 1 1 1 0 0 1 -0.5546 -0.8321 0 0.8321 -0.5546 0
		-0.2499 0.7499 0.125 0.312 0.00133 1 1 1 0 0 1 -0.5546 -0.8321 0 0.8321 -0.5546 0
		0.2499 0.7499 0.125 0.438 0.00133 1 1 1 0 0 1 -0.5546 -0.8321 0 0.8321 -0.5546 0
		-0.2499 1.5 0.125 0.312 0.373 1 1 1 0 1 0 1 0 0 0 0 -1
		0.2499 1.5 0.125 0.438 0.373 1 1 1 0 1 0 1 0 0 0 0 -1
		0.2499 1.5 -0.125 0.438 0.502 1 1 1 0 1 0 1 0 0 0 0 -1
		-0.2499 1.5 0.125 0.312 0.373 1 1 1 0 1 0 0.8944 0 -0.4473 -0.4473 0 -0.8944
		0.2499 1.5 -0.125 0.438 0.502 1 1 1 0 1 0 0.8944 0 -0.4473 -0.4473 0 -0.8944
		-0.2499 1.5 -0.125 0.312 0.502 1 1 1 0 1 0 0.8944 0 -0.4473 -0.4473 0 -0.8944
		0.2499 0.7499 -0.125 0.5 0.00133 1 1 1 0 0 -1 -1 0 0 0 1 0
		-0.2499 0.7499 -0.125 0.624 0.00133 1 1 1 0 0 -1 -1 0 0 0 1 0
		-0.2499 1.5 -0.125 0.624 0.373 1 1 1 0 0 -1 -1 0 0 0 1 0
		0.2499 0.7499 -0.125 0.5 0.00133 1 1 1 0 0 -1 -0.5546 0.8321 0 0.8321 0.5546 0
		-0.2499 1.5 -0.125 0.624 0.373 1 1 1 0 0 -1 -0.5546 0.8321 0 0.8321 0.5546 0
		0.2499 1.5 -0.125 0.5 0.373 1 1 1 0 0 -1 -0.5546 0.8321 0 0.8321 0.5546 0
		0.2499 0.7499 0.125 0.562 0.373 1 1 1 0 -1 0 -1 0 0 0 0 -1
		-0.2499 0.7499 0.125 0.562 0.501 1 1 1 0 -1 0 -1 0 0 0 0 -1
		-0.2499 0.7499 -0.125 0.437 0.501 1 1 1 0 -1 0 -1 0 0 0 0 -1
		0.2499 0.7499 0.125 0.562 0.373 1 1 1 0 -1 0 -0.8944 0 -0.4473 0.4473 0 -0.8944
		-0.2499 0.7499 -0.125 0.437 0.501 1 1 1 0 -1 0 -0.8944 0 -0.4473 0.4473 0 -0.8944
		0.2499 0.7499 -0.125 0.437 0.373 1 1 1 0 -1 0 -0.8944 0 -0.4473 0.4473 0 -0.8944
		0.2499 0.7499 -0.125 0.5 0.00133 1 1 1 1 0 0 0 1 0 0 0 1
		0.2499 1.5 -0.125 0.5 0.373 1 1 1 1 0 0 0 1 0 0 0 1
		0.2499 0.7499 0.125 0.438 0.00133 1 1 1 1 0 0 0 1 0 0 0 1
		0.2499 1.5 0.125 0.438 0.373 1 1 1 1 0 0 0 -1 0 0 0 -1
		0.2499 0.7499 0.125 0.438 0.00133 1 1 1 1 0 0 0 -1 0 0 0 -1
		0.2499 1.5 -0.125 0.5 0.373 1 1 1 1 0 0 0 -1 0 0 0 -1
		-0.2499 1.5 0.125 0.312 0.373 1 1 1 -1 0 0 0 -0.9487 -0.3162 0 -0.3162 0.9487
		-0.2499 0.7499 -0.125 0.25 0.00133 1 1 1 -1 0 0 0 -0.9487 -0.3162 0 -0.3162 0.9487
		-0.2499 0.7499 0.125 0.312 0.00133 1 1 1 -1 0 0 0 -0.9487 -0.3162 0 -0.3162 0.9487
		-0.2499 0.7499 -0.125 0.25 0.00133 1 1 1 -1 0 0 0 0.9487 0.3162 0 0.3162 -0.9487
		-0.2499 1.5 0.125 0.312 0.373 1 1 1 -1 0 0 0 0.9487 0.3162 0 0.3162 -0.9487
		-0.2499 1.5 -0.125 0.25 0.373 1 1 1 -1 0 0 0 0.9487 0.3162 0 0.3162 -0.9487
	KeyFrames: 1
		0 1 0 0 0 0 0 0 1 1 1

	mc_zombie_Rarm -> mc_zombie  //G:3
	1 1 1 -0.254 1.5 0 1
		MC_Zombie_M 36
		-0.5 1.5 0.125 0.688 0.374 1 1 1 0 0 1 0 -1 0 1 0 0
		-0.5 0.75 0.125 0.688 0.00175 1 1 1 0 0 1 0 -1 0 1 0 0
		-0.25 1.5 0.125 0.751 0.374 1 1 1 0 0 1 0 -1 0 1 0 0
		-0.25 1.5 0.125 0.751 0.374 1 1 1 0 0 1 -0.3162 -0.9487 0 0.9487 -0.3162 0
		-0.5 0.75 0.125 0.688 0.00175 1 1 1 0 0 1 -0.3162 -0.9487 0 0.9487 -0.3162 0
		-0.25 0.75 0.125 0.751 0.00175 1 1 1 0 0 1 -0.3162 -0.9487 0 0.9487 -0.3162 0
		-0.25 1.5 0.125 0.751 0.374 1 1 1 0 1 0 0 0 -1 -1 0 0
		-0.25 1.5 -0.125 0.751 0.501 1 1 1 0 1 0 0 0 -1 -1 0 0
		-0.5 1.5 0.125 0.688 0.374 1 1 1 0 1 0 0 0 -1 -1 0 0
		-0.5 1.5 0.125 0.688 0.374 1 1 1 0 1 0 0.7071 0 -0.7071 -0.7071 0 -0.7071
		-0.25 1.5 -0.125 0.751 0.501 1 1 1 0 1 0 0.7071 0 -0.7071 -0.7071 0 -0.7071
		-0.5 1.5 -0.125 0.688 0.501 1 1 1 0 1 0 0.7071 0 -0.7071 -0.7071 0 -0.7071
		-0.5 0.75 -0.125 0.874 0.00175 1 1 1 0 0 -1 0 1 0 1 0 0
		-0.5 1.5 -0.125 0.874 0.374 1 1 1 0 0 -1 0 1 0 1 0 0
		-0.25 0.75 -0.125 0.812 0.00175 1 1 1 0 0 -1 0 1 0 1 0 0
		-0.25 0.75 -0.125 0.812 0.00175 1 1 1 0 0 -1 -0.3162 0.9487 0 0.9487 0.3162 0
		-0.5 1.5 -0.125 0.874 0.374 1 1 1 0 0 -1 -0.3162 0.9487 0 0.9487 0.3162 0
		-0.25 1.5 -0.125 0.812 0.374 1 1 1 0 0 -1 -0.3162 0.9487 0 0.9487 0.3162 0
		-0.25 0.75 0.125 0.812 0.501 1 1 1 0 -1 0 -1 0 0 0 0 -1
		-0.5 0.75 0.125 0.751 0.501 1 1 1 0 -1 0 -1 0 0 0 0 -1
		-0.5 0.75 -0.125 0.751 0.374 1 1 1 0 -1 0 -1 0 0 0 0 -1
		-0.25 0.75 0.125 0.812 0.501 1 1 1 0 -1 0 -0.7071 0 -0.7071 0.7071 0 -0.7071
		-0.5 0.75 -0.125 0.751 0.374 1 1 1 0 -1 0 -0.7071 0 -0.7071 0.7071 0 -0.7071
		-0.25 0.75 -0.125 0.812 0.374 1 1 1 0 -1 0 -0.7071 0 -0.7071 0.7071 0 -0.7071
		-0.25 0.75 -0.125 0.812 0.00175 1 1 1 1 0 0 0 1 0 0 0 1
		-0.25 1.5 -0.125 0.812 0.374 1 1 1 1 0 0 0 1 0 0 0 1
		-0.25 0.75 0.125 0.751 0.00175 1 1 1 1 0 0 0 1 0 0 0 1
		-0.25 1.5 0.125 0.751 0.374 1 1 1 1 0 0 0 -1 0 0 0 -1
		-0.25 0.75 0.125 0.751 0.00175 1 1 1 1 0 0 0 -1 0 0 0 -1
		-0.25 1.5 -0.125 0.812 0.374 1 1 1 1 0 0 0 -1 0 0 0 -1
		-0.5 1.5 0.125 0.688 0.374 1 1 1 -1 0 0 0 -0.9487 -0.3162 0 -0.3162 0.9487
		-0.5 0.75 -0.125 0.624 0.00175 1 1 1 -1 0 0 0 -0.9487 -0.3162 0 -0.3162 0.9487
		-0.5 0.75 0.125 0.688 0.00175 1 1 1 -1 0 0 0 -0.9487 -0.3162 0 -0.3162 0.9487
		-0.5 0.75 -0.125 0.624 0.00175 1 1 1 -1 0 0 0 0.9487 0.3162 0 0.3162 -0.9487
		-0.5 1.5 0.125 0.688 0.374 1 1 1 -1 0 0 0 0.9487 0.3162 0 0.3162 -0.9487
		-0.5 1.5 -0.125 0.624 0.374 1 1 1 -1 0 0 0 0.9487 0.3162 0 0.3162 -0.9487
	KeyFrames: 1
		0 1 0 -0.1005 0 -85 0 0 1 1 1

	mc_zombie_Rleg -> mc_zombie  //G:4
	1 1 1 -0.125 0.749 0 1
		MC_Zombie_M 36
		-0.25 0.75 0.125 0.0626 0.374 1 1 1 0 0 1 0 -1 0 1 0 0
		-0.25 0 0.125 0.0626 0.000716 1 1 1 0 0 1 0 -1 0 1 0 0
		0 0.75 0.125 0.126 0.374 1 1 1 0 0 1 0 -1 0 1 0 0
		0 0.75 0.125 0.126 0.374 1 1 1 0 0 1 -0.3162 -0.9487 0 0.9487 -0.3162 0
		-0.25 0 0.125 0.0626 0.000716 1 1 1 0 0 1 -0.3162 -0.9487 0 0.9487 -0.3162 0
		0 0 0.125 0.126 0.000716 1 1 1 0 0 1 -0.3162 -0.9487 0 0.9487 -0.3162 0
		0 0.75 0.125 0.126 0.374 1 1 1 0 1 0 0 0 -1 -1 0 0
		0 0.75 -0.125 0.126 0.501 1 1 1 0 1 0 0 0 -1 -1 0 0
		-0.25 0.75 0.125 0.0626 0.374 1 1 1 0 1 0 0 0 -1 -1 0 0
		-0.25 0.75 0.125 0.0626 0.374 1 1 1 0 1 0 0.7071 0 -0.7071 -0.7071 0 -0.7071
		0 0.75 -0.125 0.126 0.501 1 1 1 0 1 0 0.7071 0 -0.7071 -0.7071 0 -0.7071
		-0.25 0.75 -0.125 0.0626 0.501 1 1 1 0 1 0 0.7071 0 -0.7071 -0.7071 0 -0.7071
		-0.25 0 -0.125 0.249 0.000716 1 1 1 0 0 -1 0 1 0 1 0 0
		-0.25 0.75 -0.125 0.249 0.374 1 1 1 0 0 -1 0 1 0 1 0 0
		0 0 -0.125 0.187 0.000716 1 1 1 0 0 -1 0 1 0 1 0 0
		0 0 -0.125 0.187 0.000716 1 1 1 0 0 -1 -0.3162 0.9487 0 0.9487 0.3162 0
		-0.25 0.75 -0.125 0.249 0.374 1 1 1 0 0 -1 -0.3162 0.9487 0 0.9487 0.3162 0
		0 0.75 -0.125 0.187 0.374 1 1 1 0 0 -1 -0.3162 0.9487 0 0.9487 0.3162 0
		0 0 0.125 0.187 0.501 1 1 1 0 -1 0 -1 0 0 0 0 -1
		-0.25 0 0.125 0.126 0.501 1 1 1 0 -1 0 -1 0 0 0 0 -1
		-0.25 0 -0.125 0.126 0.373 1 1 1 0 -1 0 -1 0 0 0 0 -1
		0 0 0.125 0.187 0.501 1 1 1 0 -1 0 -0.7071 0 -0.7071 0.7071 0 -0.7071
		-0.25 0 -0.125 0.126 0.373 1 1 1 0 -1 0 -0.7071 0 -0.7071 0.7071 0 -0.7071
		0 0 -0.125 0.187 0.373 1 1 1 0 -1 0 -0.7071 0 -0.7071 0.7071 0 -0.7071
		0 0 -0.125 0.187 0.000716 1 1 1 1 0 0 0 1 0 0 0 1
		0 0.75 -0.125 0.187 0.374 1 1 1 1 0 0 0 1 0 0 0 1
		0 0 0.125 0.126 0.000716 1 1 1 1 0 0 0 1 0 0 0 1
		0 0.75 0.125 0.126 0.374 1 1 1 1 0 0 0 -1 0 0 0 -1
		0 0 0.125 0.126 0.000716 1 1 1 1 0 0 0 -1 0 0 0 -1
		0 0.75 -0.125 0.187 0.374 1 1 1 1 0 0 0 -1 0 0 0 -1
		-0.25 0.75 0.125 0.0626 0.374 1 1 1 -1 0 0 0 -0.9487 -0.3162 0 -0.3162 0.9487
		-0.25 0 -0.125 0.000465 0.000716 1 1 1 -1 0 0 0 -0.9487 -0.3162 0 -0.3162 0.9487
		-0.25 0 0.125 0.0626 0.000716 1 1 1 -1 0 0 0 -0.9487 -0.3162 0 -0.3162 0.9487
		-0.25 0 -0.125 0.000465 0.000716 1 1 1 -1 0 0 0 0.9487 0.3162 0 0.3162 -0.9487
		-0.25 0.75 0.125 0.0626 0.374 1 1 1 -1 0 0 0 0.9487 0.3162 0 0.3162 -0.9487
		-0.25 0.75 -0.125 0.000465 0.374 1 1 1 -1 0 0 0 0.9487 0.3162 0 0.3162 -0.9487
	KeyFrames: 5
		1 1 0 0 0 0 0 0 1 1 1
		12 1 0 0 0 -30 0 0 1 1 1
		24 1 0 0 0 0 0 0 1 1 1
		36 1 0 0 0 30 0 0 1 1 1
		47 1 0 0 0 0 0 0 1 1 1

	mc_zombie_Larm -> mc_zombie  //G:5
	1 1 1 0.252 1.5 0 1
		MC_Zombie_M 36
		0.2493 1.5 0.125 0.751 0.374 1 1 1 0 0 1 0.3162 -0.9487 0 0.9487 0.3162 0
		0.4993 0.75 0.125 0.688 0.00175 1 1 1 0 0 1 0.3162 -0.9487 0 0.9487 0.3162 0
		0.4993 1.5 0.125 0.688 0.374 1 1 1 0 0 1 0.3162 -0.9487 0 0.9487 0.3162 0
		0.4993 0.75 0.125 0.688 0.00175 1 1 1 0 0 1 -0.3162 0.9487 0 -0.9487 -0.3162 0
		0.2493 1.5 0.125 0.751 0.374 1 1 1 0 0 1 -0.3162 0.9487 0 -0.9487 -0.3162 0
		0.2493 0.75 0.125 0.751 0.00175 1 1 1 0 0 1 -0.3162 0.9487 0 -0.9487 -0.3162 0
		0.2493 1.5 0.125 0.751 0.374 1 1 1 0 1 0 1 0 0 0 0 -1
		0.4993 1.5 0.125 0.688 0.374 1 1 1 0 1 0 1 0 0 0 0 -1
		0.2493 1.5 -0.125 0.751 0.501 1 1 1 0 1 0 1 0 0 0 0 -1
		0.4993 1.5 0.125 0.688 0.374 1 1 1 0 1 0 0 0 -1 -1 0 0
		0.4993 1.5 -0.125 0.688 0.501 1 1 1 0 1 0 0 0 -1 -1 0 0
		0.2493 1.5 -0.125 0.751 0.501 1 1 1 0 1 0 0 0 -1 -1 0 0
		0.2493 0.75 -0.125 0.812 0.00175 1 1 1 0 0 -1 0.3162 0.9487 0 0.9487 -0.3162 0
		0.4993 1.5 -0.125 0.874 0.374 1 1 1 0 0 -1 0.3162 0.9487 0 0.9487 -0.3162 0
		0.4993 0.75 -0.125 0.874 0.00175 1 1 1 0 0 -1 0.3162 0.9487 0 0.9487 -0.3162 0
		0.4993 1.5 -0.125 0.874 0.374 1 1 1 0 0 -1 -0.3162 -0.9487 0 -0.9487 0.3162 0
		0.2493 0.75 -0.125 0.812 0.00175 1 1 1 0 0 -1 -0.3162 -0.9487 0 -0.9487 0.3162 0
		0.2493 1.5 -0.125 0.812 0.374 1 1 1 0 0 -1 -0.3162 -0.9487 0 -0.9487 0.3162 0
		0.2493 0.75 0.125 0.812 0.501 1 1 1 0 -1 0 0.7071 0 -0.7071 0.7071 0 0.7071
		0.4993 0.75 -0.125 0.751 0.374 1 1 1 0 -1 0 0.7071 0 -0.7071 0.7071 0 0.7071
		0.4993 0.75 0.125 0.751 0.501 1 1 1 0 -1 0 0.7071 0 -0.7071 0.7071 0 0.7071
		0.4993 0.75 -0.125 0.751 0.374 1 1 1 0 -1 0 -0.7071 0 0.7071 -0.7071 0 -0.7071
		0.2493 0.75 0.125 0.812 0.501 1 1 1 0 -1 0 -0.7071 0 0.7071 -0.7071 0 -0.7071
		0.2493 0.75 -0.125 0.812 0.374 1 1 1 0 -1 0 -0.7071 0 0.7071 -0.7071 0 -0.7071
		0.2493 1.5 -0.125 0.812 0.374 1 1 1 -1 0 0 0 -0.9487 0.3162 0 0.3162 0.9487
		0.2493 0.75 0.125 0.751 0.00175 1 1 1 -1 0 0 0 -0.9487 0.3162 0 0.3162 0.9487
		0.2493 1.5 0.125 0.751 0.374 1 1 1 -1 0 0 0 -0.9487 0.3162 0 0.3162 0.9487
		0.2493 0.75 0.125 0.751 0.00175 1 1 1 -1 0 0 0 0.9487 -0.3162 0 -0.3162 -0.9487
		0.2493 1.5 -0.125 0.812 0.374 1 1 1 -1 0 0 0 0.9487 -0.3162 0 -0.3162 -0.9487
		0.2493 0.75 -0.125 0.812 0.00175 1 1 1 -1 0 0 0 0.9487 -0.3162 0 -0.3162 -0.9487
		0.4993 1.5 0.125 0.688 0.374 1 1 1 1 0 0 0 -1 0 0 0 -1
		0.4993 0.75 0.125 0.688 0.00175 1 1 1 1 0 0 0 -1 0 0 0 -1
		0.4993 0.75 -0.125 0.624 0.00175 1 1 1 1 0 0 0 -1 0 0 0 -1
		0.4993 1.5 0.125 0.688 0.374 1 1 1 1 0 0 0 -0.9487 -0.3162 0 0.3162 -0.9487
		0.4993 0.75 -0.125 0.624 0.00175 1 1 1 1 0 0 0 -0.9487 -0.3162 0 0.3162 -0.9487
		0.4993 1.5 -0.125 0.624 0.374 1 1 1 1 0 0 0 -0.9487 -0.3162 0 0.3162 -0.9487
	KeyFrames: 1
		0 1 0 -0.1005 0 -85 0 0 1 1 1

	mc_zombie_Lleg -> mc_zombie  //G:6
	1 1 1 0.125 0.749 0 1
		MC_Zombie_M 36
		0 0.75 0.125 0.126 0.374 1 1 1 0 0 1 0.3162 -0.9487 0 0.9487 0.3162 0
		0.25 0 0.125 0.0626 0.000716 1 1 1 0 0 1 0.3162 -0.9487 0 0.9487 0.3162 0
		0.25 0.75 0.125 0.0626 0.374 1 1 1 0 0 1 0.3162 -0.9487 0 0.9487 0.3162 0
		0.25 0 0.125 0.0626 0.000716 1 1 1 0 0 1 -0.3162 0.9487 0 -0.9487 -0.3162 0
		0 0.75 0.125 0.126 0.374 1 1 1 0 0 1 -0.3162 0.9487 0 -0.9487 -0.3162 0
		0 0 0.125 0.126 0.000716 1 1 1 0 0 1 -0.3162 0.9487 0 -0.9487 -0.3162 0
		0 0.75 0.125 0.126 0.374 1 1 1 0 1 0 1 0 0 0 0 -1
		0.25 0.75 0.125 0.0626 0.374 1 1 1 0 1 0 1 0 0 0 0 -1
		0 0.75 -0.125 0.126 0.501 1 1 1 0 1 0 1 0 0 0 0 -1
		0.25 0.75 0.125 0.0626 0.374 1 1 1 0 1 0 0 0 -1 -1 0 0
		0.25 0.75 -0.125 0.0626 0.501 1 1 1 0 1 0 0 0 -1 -1 0 0
		0 0.75 -0.125 0.126 0.501 1 1 1 0 1 0 0 0 -1 -1 0 0
		0 0 -0.125 0.187 0.000716 1 1 1 0 0 -1 0.3162 0.9487 0 0.9487 -0.3162 0
		0.25 0.75 -0.125 0.249 0.374 1 1 1 0 0 -1 0.3162 0.9487 0 0.9487 -0.3162 0
		0.25 0 -0.125 0.249 0.000716 1 1 1 0 0 -1 0.3162 0.9487 0 0.9487 -0.3162 0
		0.25 0.75 -0.125 0.249 0.374 1 1 1 0 0 -1 -0.3162 -0.9487 0 -0.9487 0.3162 0
		0 0 -0.125 0.187 0.000716 1 1 1 0 0 -1 -0.3162 -0.9487 0 -0.9487 0.3162 0
		0 0.75 -0.125 0.187 0.374 1 1 1 0 0 -1 -0.3162 -0.9487 0 -0.9487 0.3162 0
		0 0 0.125 0.187 0.501 1 1 1 0 -1 0 0.7071 0 -0.7071 0.7071 0 0.7071
		0.25 0 -0.125 0.126 0.373 1 1 1 0 -1 0 0.7071 0 -0.7071 0.7071 0 0.7071
		0.25 0 0.125 0.126 0.501 1 1 1 0 -1 0 0.7071 0 -0.7071 0.7071 0 0.7071
		0.25 0 -0.125 0.126 0.373 1 1 1 0 -1 0 -0.7071 0 0.7071 -0.7071 0 -0.7071
		0 0 0.125 0.187 0.501 1 1 1 0 -1 0 -0.7071 0 0.7071 -0.7071 0 -0.7071
		0 0 -0.125 0.187 0.373 1 1 1 0 -1 0 -0.7071 0 0.7071 -0.7071 0 -0.7071
		0 0 0.125 0.126 0.000716 1 1 1 -1 0 0 0 1 0 0 0 -1
		0 0.75 0.125 0.126 0.374 1 1 1 -1 0 0 0 1 0 0 0 -1
		0 0.75 -0.125 0.187 0.374 1 1 1 -1 0 0 0 1 0 0 0 -1
		0 0 0.125 0.126 0.000716 1 1 1 -1 0 0 0 0.9487 -0.3162 0 -0.3162 -0.9487
		0 0.75 -0.125 0.187 0.374 1 1 1 -1 0 0 0 0.9487 -0.3162 0 -0.3162 -0.9487
		0 0 -0.125 0.187 0.000716 1 1 1 -1 0 0 0 0.9487 -0.3162 0 -0.3162 -0.9487
		0.25 0.75 0.125 0.0626 0.374 1 1 1 1 0 0 0 -1 0 0 0 -1
		0.25 0 0.125 0.0626 0.000716 1 1 1 1 0 0 0 -1 0 0 0 -1
		0.25 0 -0.125 0.000465 0.000716 1 1 1 1 0 0 0 -1 0 0 0 -1
		0.25 0.75 0.125 0.0626 0.374 1 1 1 1 0 0 0 -0.9487 -0.3162 0 0.3162 -0.9487
		0.25 0 -0.125 0.000465 0.000716 1 1 1 1 0 0 0 -0.9487 -0.3162 0 0.3162 -0.9487
		0.25 0.75 -0.125 0.000465 0.374 1 1 1 1 0 0 0 -0.9487 -0.3162 0 0.3162 -0.9487
	KeyFrames: 5
		1 1 0 0 0 0 0 0 1 1 1
		12 1 0 0 0 30 0 0 1 1 1
		24 1 0 0 0 0 0 0 1 1 1
		36 1 0 0 0 -30 0 0 1 1 1
		47 1 0 0 0 0 0 0 1 1 1


Sequences: // 1
	#SQ: Name ( FirstFrame | LastFrame | FrameRate )
	SQ: Default ( 0 | 48 | 30 ) //0

States: //1
	#ST: Name ( SequenceName | Breakable | Transitional | Loop ) // Index
	ST: Default ( Default | 0 | 0 | 1 ) //0

	Exits: //0
		# EX: CurrentState -> NextState
